20230719055227931372
20230719055236731508
20230719055244335405
20230719055253486243
20230719055302629530
20230719055311180663
20230719055320916757
20230719055329992743
20230719055337883314
20230719055346974308
20230719055355914937
20230719055404216845
20230719055413873219
20230719055422697442
20230719055430562839
20230719055439165044
20230719055448307005
20230719055457815015
20230719055506723526
20230719055515793742
20230719055524645558
202307190555336883
20230719055542224961
20230719055551232100
20230719055559110793
20230719055608496488
20230719055617693237
20230719055626407503
20230719055635234773
20230719055644943827
2023071905565314917
2023071905570210237
20230719055710428171
20230719055719714609
20230719055728955928
20230719055737226281
20230719055746806223
20230719055755331862
20230719055804525559
20230719055812519506
20230719055821403285
20230719055830792586
20230719055839959714
20230719055848329352
20230719055857514592
20230719055906766442
20230719055915515894
20230719055923480933
20230719055932617795
20230719055941890745
20230719055950127749
20230719055959947807
2023071906000875002
20230719060017137951
20230719060025462961
20230719060034526218
20230719060043644056
20230719060052132946
20230719060101990695
20230719060110108987
20230719060119850228
20230719060128334999
2023071906013636651
20230719060145196419
20230719060154575547
20230719060203247676
20230719060212782025
20230719060221185276
2023071906022924088
20230719060238890047
20230719060247589294
2023071906025646325
20230719060305176858
2023071906031452011
20230719060323527398
20230719060331106656
20230719060340435227
20230719060349832405
20230719060358351324
2023071906040786438
20230719060415969797
20230719060424138738
20230719060433380733
2023071906044213114
20230719060451760481
20230719060500993748
20230719060509323928
20230719060518431180
20230719060527560862
20230719060535150972
20230719060544380701
20230719060553229207
20230719060602471198
20230719060611987998
20230719060620967111
20230719060629781737
20230719060638550892
20230719060646945391
20230719060655304011
20230719060704836593
20230719060713630239
20230719060722143996
20230719060731859008
20230719060740198534
20230719060749984635
20230719060757339925
20230719060806683075
20230719060815110402
20230719060824671114
20230719060833430465
2023071906084263857
20230719060851858120
20230719060900357808
20230719060908853143
20230719060917377266
20230719060926391927
2023071906093515535
20230719060944527316
20230719060953983176
20230719061001992306
20230719061010163841
20230719061019164301
20230719061028670911
20230719061037441412
20230719061046696435
20230719061054749088
20230719061103624021
20230719061112906143
20230719061121196155
2023071906113015019
20230719061139246722
2023071906114739435
2023071906115636479
20230719061205586499
20230719061214626427
20230719061223871788
20230719061232327526
20230719061240494838
20230719061249483259
20230719061258933435
20230719061307967136
2023071906131623969
20230719061325668474
20230719061334269880
20230719061342750210
20230719061351416351
20230719061400841437
20230719061409274970
20230719061418916355
20230719061427906122
2023071906143565220
20230719061444228837
20230719061453900452
20230719061502358425
20230719061510276959
20230719061519248723
20230719061528969581
20230719061537704411
20230719061546919159
20230719061555185010
20230719061603320934
20230719061612679506
20230719061621256820
20230719061630199142
20230719061639151484
20230719061647902637
20230719061656183549
20230719061705781640
20230719061714952782
20230719061723107785
2023071906173135072
20230719061740631635
20230719061749874306
20230719061758977707
20230719061807376258
20230719061815635071
20230719061824979227
20230719061833292681
2023071906184252787
20230719061851470502
20230719061900241351
20230719061909874482
20230719061918802863
20230719061926609764
20230719061935992288
20230719061944920454
20230719061953651081
20230719062002335485
20230719062011490120
20230719062019213004
20230719062028470234
2023071906203714390
20230719062046471371
2023071906205531047
20230719062104596441
20230719062113733600
20230719062121718839
20230719062130151752
2023071906213992978
20230719062148565620
20230719062157852542
20230719062205614966
20230719062214745397
20230719062223567128
20230719062232636051
20230719062241799465
20230719062250512953
20230719062258963200
20230719062307315443
20230719062316128650
20230719062325753617
20230719062334380961
20230719062343688146
20230719062351203141
20230719062400453718
20230719062409858147
20230719062418555605
20230719062427582790
20230719062436459627
20230719062445689368
2023071906245349347
2023071906250248150
20230719062511182950
20230719062520661078
20230719062529782667
20230719062538863266
20230719062547877544
2023071906255589060
20230719062604158216
20230719062613799956
20230719062622958503
20230719062631967444
20230719062640788877
20230719062649905752
20230719062658361767
20230719062706799081
20230719062715854063
20230719062724970269
2023071906273341543
20230719062742756917
20230719062751838367
20230719062800482166
20230719062809966040
20230719062818796225
20230719062826271176
20230719062835648480
2023071906284459745
20230719062853864654
20230719062902841786
20230719062911468909
20230719062919767166
20230719062928200780
2023071906293735258
20230719062946612188
20230719062955922257
20230719063004988175
20230719063012269815
2023071906302134212
20230719063030432132
20230719063039898522
202307190630481657
20230719063057916183
20230719063106702990
2023071906311550756
20230719063124297560
20230719063132677127
20230719063141903240
20230719063150897384
20230719063159613812
20230719063208913683
20230719063217550139
20230719063226934363
20230719063235299314
20230719063243458595
20230719063252597584
20230719063301301896
20230719063310802067
20230719063319421146
20230719063328211174
20230719063336989419
20230719063345129250
20230719063354194804
20230719063403593908
20230719063412972027
2023071906342140813
20230719063429707146
20230719063438205441
20230719063447341191
20230719063456420405
20230719063505708750
20230719063514405199
20230719063522255772
20230719063531608929
20230719063540311634
20230719063549871260
20230719063558528434
2023071906360757111
20230719063616789745
20230719063624462103
20230719063633375721
20230719063642117289
20230719063651725078
20230719063700686049
20230719063708968593
20230719063717164946
2023071906372697681
20230719063735688287
20230719063744945726
20230719063753160024
20230719063802734731
202307190638106358
20230719063819217322
20230719063828344603
20230719063837435218
20230719063846938298
20230719063855341251
20230719063903844125
2023071906391346099
20230719063921358681
20230719063930582331
20230719063939694685
20230719063948732193
20230719063957484571
20230719064006417174
20230719064015914920
20230719064023333389
20230719064032248145
20230719064041206867
20230719064050746616
20230719064059733870
20230719064108468945
20230719064117565728
20230719064126178399
20230719064134924157
20230719064143653937
20230719064152639703
20230719064201651750
20230719064210681264
20230719064219125891
20230719064228778499
20230719064237946559
20230719064245647521
20230719064254128010
